id	datum	kutyaid	razas	vakarozas	ugatas	kaloria	alvas
1	2022.04.29	5	0	0	2	1367	88
2	2022.08.12	11	1	0	5	1553	90
3	2022.06.15	14	0	1	6	1215	90
4	2022.08.19	4	1	0	8	1733	87
5	2022.06.22	9	0	1	4	1126	97
6	2022.05.10	10	0	0	7	2004	85
7	2022.08.30	8	0	0	11	1725	86
8	2022.06.17	5	0	1	3	1320	88
9	2022.08.12	12	1	0	6	1206	86
10	2022.06.06	7	0	1	4	1081	89
11	2022.07.19	6	1	1	9	1354	90
12	2022.08.11	6	0	0	7	1081	92
13	2022.04.28	1	0	0	8	1250	95
14	2022.07.03	5	0	0	2	1316	84
15	2022.07.03	1	0	0	9	1370	91
16	2022.05.25	10	0	0	8	1514	85
17	2022.07.11	2	0	0	4	1772	93
18	2022.08.09	7	0	1	2	1198	88
19	2022.07.03	14	0	0	4	1126	87
20	2022.07.31	5	0	0	2	1399	88
21	2022.07.02	2	0	0	3	1667	90
22	2022.07.24	10	0	1	10	1869	85
23	2022.08.13	14	0	0	7	1159	84
24	2022.08.26	12	0	0	8	1263	92
25	2022.06.23	9	0	0	0	1471	95
26	2022.07.04	12	0	0	7	1371	92
27	2022.07.16	12	0	0	6	1399	91
28	2022.07.26	2	0	0	3	1766	91
29	2022.08.11	5	0	0	3	1115	88
30	2022.08.14	13	1	1	10	1182	90
31	2022.06.25	2	0	0	1	1220	82
32	2022.07.19	9	0	0	5	1109	94
33	2022.07.27	3	0	0	0	781	87
34	2022.06.06	10	0	0	1	1420	88
35	2022.07.26	13	0	0	11	1106	91
36	2022.05.09	9	0	1	0	1479	80
37	2022.08.28	12	0	0	11	1301	88
38	2022.06.09	5	1	0	3	1238	90
39	2022.07.14	14	0	0	5	811	92
40	2022.07.11	13	0	0	8	1485	92
41	2022.07.30	10	1	1	10	2246	88
42	2022.08.27	11	0	0	5	1067	88
43	2022.05.21	1	0	1	6	1203	93
44	2022.07.29	10	1	0	6	1443	87
45	2022.07.25	14	0	0	5	1342	87
46	2022.06.26	9	0	0	3	951	96
47	2022.05.25	6	0	0	10	1445	90
48	2022.06.29	14	0	0	5	1212	80
49	2022.08.31	13	0	1	5	1366	93
50	2022.06.25	8	0	0	4	1891	87
51	2022.05.26	8	0	1	5	1801	88
52	2022.06.30	10	0	0	4	1181	89
53	2022.08.02	5	0	0	2	1619	90
54	2022.07.25	13	0	1	8	1122	94
55	2022.07.02	5	0	0	1	1701	88
56	2022.06.16	12	0	1	9	1620	85
57	2022.08.10	4	0	0	4	1742	89
58	2022.06.25	13	0	1	11	1446	85
59	2022.07.14	9	0	0	1	1018	94
60	2022.06.09	2	0	0	4	1551	86
61	2022.05.23	3	1	0	3	1010	91
62	2022.06.27	3	0	0	2	869	88
63	2022.07.07	10	0	0	3	2015	90
64	2022.06.28	7	0	0	4	1428	79
65	2022.08.05	9	0	0	3	1520	88
66	2022.08.29	3	0	0	2	1361	93
67	2022.08.20	1	0	1	10	1364	92
68	2022.06.08	8	0	0	7	1307	86
69	2022.06.05	14	0	0	4	1375	90
70	2022.07.09	6	0	0	6	1254	94
71	2022.07.25	3	0	0	6	1010	90
72	2022.07.19	14	1	0	4	1290	80
73	2022.08.31	6	1	0	8	1494	91
74	2022.06.24	8	0	0	10	1500	86
75	2022.06.11	5	0	0	3	924	80
76	2022.08.06	13	0	0	10	1673	90
77	2022.08.16	2	0	1	4	1497	90
78	2022.07.11	8	0	0	10	1336	89
79	2022.07.22	9	1	0	0	1455	89
80	2022.07.24	1	0	1	5	1335	95
81	2022.08.11	12	0	0	3	1382	92
82	2022.08.08	11	0	1	3	1128	90
83	2022.07.27	1	0	1	6	1218	95
84	2022.06.07	7	0	0	3	1307	87
85	2022.08.20	3	0	1	6	1047	91
86	2022.06.04	7	0	0	4	1405	83
87	2022.07.10	9	0	0	3	1329	96
88	2022.08.16	3	0	0	3	841	96
89	2022.08.23	3	0	1	0	1008	92
90	2022.08.07	14	1	1	4	804	90
91	2022.07.17	11	0	0	5	1568	89
92	2022.06.25	1	0	0	3	1437	95
93	2022.08.11	11	0	0	4	1430	88
94	2022.06.12	14	0	0	7	970	92
95	2022.07.17	13	0	0	5	1692	90
96	2022.07.30	1	0	0	8	1293	96
97	2022.07.04	10	0	0	7	2006	86
98	2022.06.16	1	0	1	6	1323	97
99	2022.08.15	13	0	0	5	1483	95
100	2022.05.24	12	0	0	4	1453	88
101	2022.07.27	8	0	0	9	1769	86
102	2022.08.15	6	0	1	6	2102	90
103	2022.08.01	9	0	0	4	1241	87
104	2022.06.27	13	0	1	8	1530	93
105	2022.06.09	12	0	0	4	1734	91
106	2022.07.04	9	0	0	0	1234	95
107	2022.07.28	10	0	1	1	1863	87
108	2022.05.30	10	1	0	6	1847	85
109	2022.05.28	12	0	0	11	1777	85
110	2022.06.12	1	0	1	7	1298	92
111	2022.06.12	5	0	0	2	1255	86
112	2022.07.19	8	0	0	7	1310	87
113	2022.08.22	2	0	0	0	1434	88
114	2022.06.15	10	0	0	9	1635	88
115	2022.06.23	2	0	0	2	1785	92
116	2022.07.19	11	0	0	3	1550	86
117	2022.06.08	3	0	0	0	1483	90
118	2022.05.20	6	1	0	8	1665	89
119	2022.05.02	5	1	0	2	1435	86
120	2022.05.16	9	0	1	3	1438	93
121	2022.06.17	1	0	0	5	1292	96
122	2022.07.07	6	1	1	9	1540	91
123	2022.05.19	10	0	0	2	1738	90
124	2022.06.03	2	0	1	3	1764	88
125	2022.05.27	10	0	0	1	1883	88
126	2022.06.04	9	0	0	3	1356	98
127	2022.06.26	2	0	0	3	1599	81
128	2022.06.19	12	0	0	8	1556	90
129	2022.08.22	3	0	0	2	1180	95
130	2022.08.25	7	0	0	4	1208	79
131	2022.06.21	5	1	0	1	1451	88
132	2022.06.17	13	0	0	10	1253	94
133	2022.07.18	2	0	0	3	1444	92
134	2022.07.05	11	0	0	3	1391	90
135	2022.08.03	5	1	0	3	1713	87
136	2022.05.12	1	0	0	11	1234	90
137	2022.08.14	7	0	1	2	1356	90
138	2022.05.20	5	0	1	1	1625	80
139	2022.08.20	4	0	0	4	1565	89
140	2022.07.25	11	0	0	3	1392	91
141	2022.07.28	1	0	0	10	1177	97
142	2022.07.23	5	0	0	2	1423	85
143	2022.05.22	8	0	1	10	1571	90
144	2022.08.04	7	0	0	4	1265	86
145	2022.07.14	2	0	1	4	1764	82
146	2022.08.21	1	0	0	9	1344	86
147	2022.05.20	12	0	0	8	1749	87
148	2022.07.30	9	0	0	3	1620	90
149	2022.07.10	13	0	0	8	1429	93
150	2022.05.31	13	0	0	10	1305	92
151	2022.08.18	14	0	1	6	1193	90
152	2022.07.06	5	0	0	3	1056	89
153	2022.08.10	2	0	0	0	1277	92
154	2022.07.10	14	0	0	6	1031	82
155	2022.07.12	7	0	0	2	1341	80
156	2022.08.08	6	0	0	12	1449	90
157	2022.08.03	14	0	0	5	1202	91
158	2022.07.05	1	0	0	5	1427	96
159	2022.05.06	5	0	0	2	1632	86
160	2022.04.26	1	0	0	6	1617	93
161	2022.08.10	14	0	0	7	1265	81
162	2022.08.08	12	0	0	6	1501	89
163	2022.07.06	7	0	1	4	1387	88
164	2022.06.19	6	1	0	9	1126	89
165	2022.07.13	6	0	0	6	1101	94
166	2022.06.20	12	0	0	6	1724	84
167	2022.08.20	12	0	0	11	1574	92
168	2022.08.31	9	0	0	6	1445	81
169	2022.05.31	6	0	0	8	1785	92
170	2022.05.26	10	0	1	3	1201	85
171	2022.08.02	1	0	0	4	1307	94
172	2022.05.18	1	0	1	10	1172	97
173	2022.06.24	10	0	0	5	1997	89
174	2022.06.11	7	0	1	3	1157	89
175	2022.08.30	4	0	0	3	1752	90
176	2022.05.29	3	0	0	1	773	94
177	2022.06.25	11	0	1	3	1464	82
178	2022.06.12	8	0	1	9	1486	88
179	2022.06.03	3	0	0	4	1061	93
180	2022.08.15	11	0	0	5	1406	84
181	2022.06.18	1	0	0	11	1177	91
182	2022.06.24	1	0	1	10	1434	97
183	2022.07.15	10	0	1	6	2007	81
184	2022.05.31	7	0	0	4	1079	85
185	2022.07.01	8	0	0	5	1822	90
186	2022.06.14	10	0	0	10	1715	87
187	2022.08.19	9	0	0	5	1332	96
188	2022.08.19	11	0	1	4	1487	89
189	2022.06.13	2	0	0	2	1668	90
190	2022.06.04	1	0	1	10	1274	94
191	2022.07.08	11	0	0	4	1127	81
192	2022.07.03	9	0	1	4	1048	98
193	2022.07.10	12	0	0	3	1769	91
194	2022.08.03	10	0	1	9	1794	83
195	2022.07.22	8	0	0	6	1455	86
196	2022.07.20	5	0	0	2	1647	82
197	2022.07.14	11	0	0	5	1401	84
198	2022.06.22	10	1	0	4	1776	88
199	2022.05.07	10	1	0	7	1629	89
200	2022.06.02	13	0	0	3	1730	93
201	2022.07.22	5	0	1	1	951	89
202	2022.08.25	8	0	0	11	1542	88
203	2022.05.22	1	0	0	7	1332	96
204	2022.06.01	8	0	0	8	1743	89
205	2022.05.26	12	0	0	10	1725	89
206	2022.07.19	13	0	0	10	1590	90
207	2022.07.03	6	1	0	9	1360	92
208	2022.08.03	7	0	0	4	1100	89
209	2022.08.08	4	0	0	3	1607	90
210	2022.06.22	3	0	1	5	1047	95
211	2022.05.25	12	0	0	10	1564	90
212	2022.07.09	13	0	0	9	1524	94
213	2022.05.22	3	0	0	2	857	95
214	2022.08.17	5	0	0	1	984	90
215	2022.05.20	10	0	0	5	2000	86
216	2022.07.23	3	0	0	3	1015	93
217	2022.07.06	6	0	1	10	2103	92
218	2022.06.18	8	0	0	5	1754	82
219	2022.08.28	4	0	1	3	1437	83
220	2022.08.06	4	0	0	2	1656	80
221	2022.06.27	2	0	0	4	1788	93
222	2022.06.24	2	0	0	0	1470	88
223	2022.07.07	3	0	0	6	1049	96
224	2022.06.07	12	0	0	6	1334	89
225	2022.07.09	12	0	0	11	1331	88
226	2022.08.18	10	0	0	3	2019	89
227	2022.08.12	9	0	0	0	1449	94
228	2022.06.06	13	0	0	8	1646	91
229	2022.06.20	13	0	0	3	1724	89
230	2022.07.16	10	0	0	5	1262	85
231	2022.05.24	6	0	0	12	1753	92
232	2022.05.19	3	0	0	5	1028	92
233	2022.08.06	9	0	1	1	1268	98
234	2022.06.12	3	0	0	3	807	82
235	2022.07.07	14	0	0	7	1426	82
236	2022.06.29	1	0	0	9	1710	81
237	2022.06.28	6	0	0	6	1274	80
238	2022.08.18	13	0	0	9	1608	91
239	2022.05.30	12	0	0	11	1795	89
240	2022.08.13	4	0	0	5	1588	91
241	2022.05.23	9	0	0	5	1384	95
242	2022.07.14	12	0	0	3	1688	92
243	2022.08.01	10	0	0	1	1727	89
244	2022.07.28	13	0	0	5	1619	89
245	2022.07.20	14	1	0	4	928	87
246	2022.08.23	6	0	0	5	1588	89
247	2022.06.02	7	0	1	4	1091	87
248	2022.05.14	5	0	0	3	1618	89
249	2022.07.22	13	0	0	6	1299	95
250	2022.05.31	2	0	0	0	1632	90
251	2022.07.03	2	0	0	0	1465	88
252	2022.05.15	10	1	0	10	2033	81
253	2022.06.17	7	1	1	2	1281	90
254	2022.06.25	7	0	0	3	1344	86
255	2022.07.12	9	0	0	2	1430	95
256	2022.08.24	4	0	0	4	1400	86
257	2022.08.29	1	0	0	11	1257	95
258	2022.08.16	7	0	0	4	850	89
259	2022.07.24	9	0	0	4	1077	90
260	2022.08.22	13	0	1	10	1505	90
261	2022.08.09	9	0	0	3	1384	93
262	2022.06.11	8	0	0	5	1234	88
263	2022.06.10	6	0	1	9	1635	93
264	2022.08.20	6	0	0	6	1798	92
265	2022.08.07	3	0	0	2	1004	92
266	2022.06.01	1	0	1	5	1215	96
267	2022.06.05	2	1	0	3	1424	93
268	2022.04.24	1	1	0	10	990	88
269	2022.07.16	7	0	1	3	1441	87
270	2022.06.27	14	0	0	7	974	90
271	2022.08.13	5	1	0	2	1529	86
272	2022.08.03	6	0	0	12	1338	89
273	2022.07.25	5	0	0	1	1345	87
274	2022.06.28	3	0	0	3	1099	87
275	2022.08.06	11	0	0	4	1659	87
276	2022.07.02	1	0	0	8	1165	96
277	2022.07.12	3	1	0	1	1155	96
278	2022.07.21	12	0	0	4	1771	90
279	2022.06.09	8	0	1	11	1638	90
280	2022.08.11	8	0	0	5	1531	87
281	2022.07.17	14	0	0	7	1200	80
282	2022.08.11	14	0	0	6	951	89
283	2022.06.05	3	0	0	3	1127	92
284	2022.05.26	2	0	0	3	1584	93
285	2022.06.20	9	0	0	2	1261	96
286	2022.05.26	5	0	0	1	1225	91
287	2022.08.09	14	1	0	5	865	91
288	2022.08.22	12	0	0	10	1704	88
289	2022.06.18	12	0	0	3	1704	92
290	2022.07.09	14	0	0	7	1108	92
291	2022.08.30	1	0	0	4	1417	89
292	2022.05.29	12	0	0	9	1385	89
293	2022.07.09	9	1	0	2	1487	95
294	2022.07.09	3	0	0	0	1025	89
295	2022.07.01	14	0	0	5	1213	87
296	2022.05.29	13	0	0	3	1796	88
297	2022.05.26	7	0	1	2	1162	90
298	2022.07.25	1	0	0	6	1229	93
299	2022.08.05	6	0	0	6	1797	91
300	2022.05.28	10	0	0	2	2059	88
301	2022.08.24	3	0	0	3	1192	81
302	2022.08.03	8	1	0	4	1647	87
303	2022.07.07	12	1	1	5	1682	88
304	2022.06.21	14	0	0	6	818	90
305	2022.08.23	1	0	0	8	1379	88
306	2022.05.24	7	0	0	4	1326	85
307	2022.06.15	7	0	0	4	1538	87
308	2022.06.14	14	0	1	6	882	87
309	2022.07.06	1	1	0	6	1548	94
310	2022.05.17	12	0	0	5	1054	88
311	2022.08.10	11	0	0	5	1367	89
312	2022.08.30	3	0	0	0	1057	89
313	2022.07.21	3	0	0	6	781	94
314	2022.05.15	12	0	0	8	1169	90
315	2022.07.23	7	1	0	2	1208	88
316	2022.06.28	8	0	0	10	1649	80
317	2022.08.28	3	0	0	5	1029	88
318	2022.08.02	7	0	0	2	1744	89
319	2022.08.23	4	0	0	6	1226	91
320	2022.08.03	3	0	0	0	957	85
321	2022.08.17	3	1	0	5	1045	88
322	2022.07.28	6	0	0	11	2010	82
323	2022.08.18	2	0	1	2	1744	91
324	2022.07.13	10	0	0	6	1625	88
325	2022.08.27	8	0	0	8	1754	88
326	2022.07.12	5	0	1	3	1680	88
327	2022.07.20	8	0	0	6	1547	89
328	2022.08.09	2	0	0	0	1680	92
329	2022.08.07	11	0	0	3	1584	88
330	2022.06.13	3	0	0	6	1008	88
331	2022.08.26	1	0	0	6	1305	88
332	2022.08.29	9	1	0	6	1287	81
333	2022.06.17	9	0	0	1	1316	96
334	2022.05.21	8	0	1	10	1619	81
335	2022.08.01	1	0	0	3	1594	97
336	2022.06.20	6	0	0	5	1646	88
337	2022.07.21	10	0	0	2	1443	85
338	2022.08.22	8	0	0	9	1340	84
339	2022.07.13	2	1	1	1	1376	80
340	2022.08.05	1	0	0	9	1398	94
341	2022.07.14	13	0	0	8	1707	81
342	2022.06.26	8	0	0	11	1880	89
343	2022.08.24	9	0	0	1	952	97
344	2022.05.31	5	0	0	3	1549	84
345	2022.07.05	10	0	0	10	2208	85
346	2022.06.08	14	0	0	4	1192	87
347	2022.06.25	10	1	0	6	1387	88
348	2022.07.28	3	0	0	2	1043	91
349	2022.08.29	14	0	1	6	1213	90
350	2022.08.08	2	0	0	3	1686	89
351	2022.07.07	13	0	0	10	1701	89
352	2022.07.21	13	0	0	11	1436	90
353	2022.06.28	10	0	0	10	1434	85
354	2022.08.17	9	0	0	1	1294	96
355	2022.08.18	6	1	0	5	1496	85
356	2022.04.23	1	0	0	6	1220	93
357	2022.06.08	13	0	0	7	1517	93
358	2022.06.18	10	0	0	3	1701	86
359	2022.07.14	7	0	1	2	1128	87
360	2022.05.12	2	0	0	1	1388	87
361	2022.08.08	5	0	1	3	1457	89
362	2022.07.12	12	0	0	11	1578	92
363	2022.07.02	9	0	0	6	1136	97
364	2022.08.22	4	0	0	4	1721	89
365	2022.08.02	13	0	1	2	1550	93
366	2022.07.21	8	0	0	8	1811	87
367	2022.07.08	9	0	0	0	969	98
368	2022.07.04	1	0	1	10	1381	83
369	2022.08.14	5	0	0	3	990	89
370	2022.08.22	11	0	0	4	1346	90
371	2022.08.02	14	0	0	7	1278	89
372	2022.06.15	12	0	1	3	1571	86
373	2022.07.28	14	0	1	7	1281	89
374	2022.07.27	9	0	0	6	1352	94
375	2022.06.06	2	0	0	1	1720	89
376	2022.08.06	5	0	0	2	2007	88
377	2022.08.04	9	0	1	3	1320	98
378	2022.05.28	5	0	0	2	1125	90
379	2022.06.27	5	1	1	1	1604	91
380	2022.08.25	1	0	1	5	1368	97
381	2022.08.14	8	0	0	6	1280	80
382	2022.05.22	2	0	0	4	1287	89
383	2022.06.25	12	0	0	10	1481	90
384	2022.07.02	11	0	0	4	1447	86
385	2022.07.31	6	0	0	9	1078	92
386	2022.05.12	6	0	1	6	1515	91
387	2022.07.24	8	0	0	5	1584	85
388	2022.07.06	13	0	0	11	1606	95
389	2022.06.25	9	0	0	2	1332	98
390	2022.08.31	10	0	0	3	1236	81
391	2022.06.08	2	1	0	2	1642	90
392	2022.07.02	3	1	0	4	1181	94
393	2022.08.28	14	0	1	4	1360	87
394	2022.08.11	4	0	0	2	1774	90
395	2022.06.11	6	0	0	6	1292	89
396	2022.08.07	2	0	0	0	1379	90
397	2022.06.13	12	0	1	11	1155	89
398	2022.07.07	11	0	1	5	1271	87
399	2022.07.15	5	0	1	2	1502	86
400	2022.06.13	1	0	1	3	1377	93
401	2022.06.30	2	0	0	3	1332	90
402	2022.07.30	2	0	1	3	1798	85
403	2022.05.06	1	0	0	9	1681	96
404	2022.06.20	7	0	0	3	1180	83
405	2022.08.04	14	0	0	4	1339	81
406	2022.06.04	3	0	0	0	967	89
407	2022.07.15	12	0	0	6	1892	92
408	2022.08.01	5	1	0	3	1297	88
409	2022.08.04	8	0	0	5	1452	87
410	2022.08.29	7	0	0	3	1263	87
411	2022.07.26	11	0	0	3	1131	86
412	2022.08.18	5	0	1	1	1391	87
413	2022.08.04	13	0	1	5	1651	92
414	2022.06.18	3	0	0	0	780	91
415	2022.07.03	11	0	0	3	1497	86
416	2022.08.05	13	0	0	8	1385	94
417	2022.06.07	10	0	0	2	2067	87
418	2022.07.06	12	0	0	4	1464	90
419	2022.07.09	1	1	0	11	1216	96
420	2022.06.01	13	0	0	5	1763	91
421	2022.06.26	11	0	1	3	1551	90
422	2022.07.16	3	0	0	1	930	92
423	2022.05.24	10	0	0	10	1914	86
424	2022.06.03	12	0	0	3	1729	91
425	2022.06.27	12	0	0	9	1595	89
426	2022.06.06	8	1	0	10	1627	86
427	2022.07.07	7	0	0	4	1036	79
428	2022.06.14	6	1	1	11	1456	90
429	2022.08.14	14	0	0	4	1441	88
430	2022.06.07	2	0	0	3	1751	93
431	2022.06.14	1	1	0	6	1437	96
432	2022.08.16	8	0	0	8	1549	89
433	2022.08.02	11	0	0	3	1530	89
434	2022.05.10	6	0	0	10	1784	90
435	2022.07.28	5	0	1	2	1334	89
436	2022.08.18	8	0	0	7	1637	82
437	2022.08.11	13	0	0	11	1740	95
438	2022.05.31	12	0	0	7	1117	90
439	2022.06.25	6	0	0	6	1566	92
440	2022.07.24	2	0	0	2	1573	90
441	2022.05.23	5	0	0	2	1379	86
442	2022.08.29	12	0	0	6	1174	89
443	2022.07.07	9	0	1	5	980	96
444	2022.08.08	14	0	0	4	1072	90
445	2022.06.23	10	0	0	8	1625	87
446	2022.06.07	9	0	0	5	1278	84
447	2022.08.19	5	0	1	1	1897	88
448	2022.06.21	9	0	0	4	972	97
449	2022.08.07	5	0	0	3	1354	90
450	2022.06.30	5	0	0	2	1529	89
451	2022.07.02	12	0	0	4	1283	91
452	2022.08.28	2	0	0	4	1741	83
453	2022.08.10	6	0	0	6	1622	90
454	2022.07.20	3	0	1	4	1211	91
455	2022.08.12	5	1	1	2	1318	87
456	2022.07.04	14	0	0	4	1366	90
457	2022.06.05	7	0	0	3	1371	82
458	2022.06.26	3	0	0	2	1002	95
459	2022.05.24	1	0	1	5	1313	93
460	2022.08.25	13	0	0	6	1243	89
461	2022.07.17	7	0	0	3	1249	87
462	2022.06.09	14	0	0	7	1131	91
463	2022.08.29	10	0	0	5	1957	88
464	2022.05.23	6	0	1	11	1353	92
465	2022.07.08	3	1	0	1	1151	96
466	2022.07.23	10	0	0	1	1356	85
467	2022.06.27	8	0	0	11	1613	86
468	2022.07.23	6	0	0	5	1567	92
469	2022.07.13	14	1	0	7	760	83
470	2022.05.17	9	0	1	3	1279	98
471	2022.08.03	1	0	0	4	994	94
472	2022.08.17	4	1	1	3	1618	91
473	2022.05.23	7	0	0	3	1372	86
474	2022.07.23	9	0	0	0	1493	96
475	2022.07.06	14	0	0	6	756	87
476	2022.08.12	1	0	0	7	1214	85
477	2022.08.08	8	0	0	5	1282	89
478	2022.05.08	5	0	0	3	1568	89
479	2022.05.17	10	0	0	4	2000	89
480	2022.05.16	2	0	0	0	1557	93
481	2022.08.24	12	0	1	10	1738	91
482	2022.05.29	1	0	0	9	1685	94
483	2022.05.29	10	0	1	8	1247	88
484	2022.08.07	9	0	0	3	991	97
485	2022.06.02	8	0	0	11	1889	78
486	2022.05.12	5	0	0	2	1537	84
487	2022.08.30	7	0	0	4	1331	87
488	2022.08.16	4	0	0	6	1601	89
489	2022.08.27	5	0	0	1	1138	91
490	2022.06.22	7	0	0	4	1065	85
491	2022.08.25	3	0	0	2	1128	86
492	2022.06.09	9	0	0	0	1382	97
493	2022.08.21	8	0	0	8	1248	85
494	2022.08.04	6	0	0	11	1072	93
495	2022.07.02	7	1	0	2	1230	90
496	2022.08.23	14	0	0	4	1252	87
497	2022.06.05	12	0	1	4	1500	88
498	2022.07.31	11	0	0	5	1517	91
499	2022.07.29	12	1	0	7	1663	91
500	2022.06.13	6	0	0	7	1213	88
501	2022.07.08	2	0	0	4	1628	88
502	2022.08.20	11	0	1	5	1540	80
503	2022.08.07	10	0	0	8	1784	89
504	2022.06.29	12	0	1	4	1657	90
505	2022.07.18	11	0	0	4	1590	78
506	2022.06.06	5	0	0	2	1426	86
507	2022.06.19	5	0	0	2	1965	89
508	2022.07.20	2	0	0	3	1554	92
509	2022.07.31	3	0	0	2	844	93
510	2022.06.30	8	0	1	9	1171	86
511	2022.06.19	13	0	1	7	1905	87
512	2022.07.09	10	0	1	6	1581	88
513	2022.05.08	6	0	0	12	1493	91
514	2022.04.25	1	0	0	8	1189	97
515	2022.06.01	10	0	0	10	1243	89
516	2022.07.12	6	0	0	6	1718	91
517	2022.06.03	8	0	0	6	1531	87
518	2022.07.24	11	0	0	4	1478	89
519	2022.08.25	6	0	0	8	1421	94
520	2022.06.14	3	0	0	1	933	81
521	2022.06.12	12	0	0	9	1138	88
522	2022.08.20	9	0	0	2	1253	96
523	2022.07.30	8	0	0	4	1572	90
524	2022.07.06	9	0	0	1	1310	95
525	2022.07.17	12	0	1	10	1290	88
526	2022.07.10	5	0	0	2	1146	90
527	2022.06.05	6	0	0	8	1607	89
528	2022.06.04	6	0	0	12	1582	94
529	2022.07.20	9	0	0	4	1063	96
530	2022.05.13	1	0	1	6	1433	89
531	2022.06.22	13	1	0	9	1696	91
532	2022.08.09	4	1	0	2	1541	88
533	2022.07.08	6	0	0	9	1585	94
534	2022.06.25	14	0	0	5	1097	92
535	2022.05.21	10	1	0	8	1991	86
536	2022.07.06	8	0	0	5	1583	86
537	2022.08.24	2	0	1	1	1556	92
538	2022.08.23	10	0	0	8	1717	86
539	2022.06.14	12	1	0	5	1594	89
540	2022.05.22	6	0	0	9	1245	89
541	2022.06.04	5	0	0	3	1236	85
542	2022.06.18	13	0	0	11	1160	92
543	2022.05.11	6	0	0	10	1499	80
544	2022.08.09	11	0	1	5	1365	87
545	2022.07.14	8	0	1	8	2027	80
546	2022.08.27	13	0	0	2	1559	91
547	2022.06.05	1	0	1	8	1025	90
548	2022.06.10	2	1	0	4	1719	93
549	2022.08.19	10	0	0	6	1897	88
550	2022.05.15	5	0	0	2	1334	85
551	2022.06.30	3	0	0	5	1027	88
552	2022.06.23	13	0	0	7	1410	95
553	2022.08.27	14	0	0	5	1407	90
554	2022.07.24	14	0	0	6	994	88
555	2022.06.19	3	0	1	3	846	91
556	2022.07.22	6	0	1	5	1705	92
557	2022.05.29	9	0	1	5	1162	98
558	2022.07.27	12	0	0	6	1252	91
559	2022.08.27	3	0	0	4	877	96
560	2022.07.20	6	1	0	9	1495	87
561	2022.06.18	7	0	0	4	1058	85
562	2022.06.20	5	0	0	3	1351	89
563	2022.07.29	6	0	0	7	1552	92
564	2022.08.19	8	0	0	5	1607	81
565	2022.07.14	5	0	0	1	1730	90
566	2022.05.19	7	0	0	2	1373	85
567	2022.08.26	13	0	0	4	1538	94
568	2022.07.30	13	1	0	7	1401	83
569	2022.07.24	3	0	1	3	892	95
570	2022.06.22	14	0	0	6	1308	92
571	2022.05.08	9	0	0	2	1855	97
572	2022.08.29	2	0	0	4	1376	86
573	2022.06.30	6	1	0	9	1740	89
574	2022.05.12	10	1	0	5	2025	87
575	2022.08.26	2	0	0	4	1746	90
576	2022.06.16	8	0	0	7	1363	90
577	2022.06.15	6	0	0	5	1158	92
578	2022.05.11	5	0	0	3	1431	88
579	2022.06.01	5	0	0	2	1414	91
580	2022.06.22	1	0	0	5	1160	93
581	2022.08.23	5	0	0	1	1158	88
582	2022.08.20	10	1	0	10	2105	89
583	2022.06.02	2	0	0	0	1651	91
584	2022.07.18	8	0	1	11	1626	87
585	2022.06.08	10	0	0	9	2058	89
586	2022.07.18	1	0	0	3	1230	94
587	2022.06.11	13	0	0	4	1170	91
588	2022.06.08	12	0	0	10	1750	88
589	2022.08.19	3	0	0	4	964	94
590	2022.06.02	10	0	0	6	1413	89
591	2022.07.29	11	0	0	3	1363	87
592	2022.06.21	7	1	0	3	1320	84
593	2022.07.19	12	0	0	9	1922	88
594	2022.06.01	6	0	0	12	1732	94
595	2022.07.26	14	0	0	7	1316	91
596	2022.07.24	12	0	0	3	1414	90
597	2022.08.04	5	1	0	3	1697	89
598	2022.06.01	2	0	0	0	1558	87
599	2022.07.25	12	0	0	5	1337	91
600	2022.06.20	14	0	0	7	1041	92
601	2022.08.21	12	0	0	3	1273	91
602	2022.05.21	9	0	0	2	942	93
603	2022.08.25	12	0	0	9	1254	92
604	2022.08.24	8	0	0	5	1738	90
605	2022.05.22	5	1	0	3	956	88
606	2022.05.24	3	0	0	0	1054	91
607	2022.06.30	9	0	0	4	1288	96
608	2022.06.20	8	0	0	10	1161	87
609	2022.06.19	1	0	0	7	1172	95
610	2022.07.24	6	0	0	10	1614	94
611	2022.07.04	5	0	0	1	1726	85
612	2022.08.05	14	0	0	6	1343	90
613	2022.06.09	13	0	0	9	1460	90
614	2022.05.23	2	0	0	1	1745	89
615	2022.06.29	7	1	0	2	1076	90
616	2022.06.10	5	0	1	3	1162	86
617	2022.08.14	12	0	0	3	1845	87
618	2022.07.15	9	0	0	1	1235	93
619	2022.07.28	8	0	0	8	1794	86
620	2022.07.31	8	1	0	7	1753	90
621	2022.06.14	2	0	0	4	1387	91
622	2022.07.24	13	0	1	9	1494	95
623	2022.06.30	12	0	0	9	1674	91
624	2022.07.07	5	0	0	1	1598	88
625	2022.08.13	6	0	0	5	1485	87
626	2022.08.22	5	0	0	3	964	90
627	2022.08.21	11	0	0	4	1475	89
628	2022.05.25	7	1	1	4	1365	88
629	2022.07.15	3	0	0	1	1073	92
630	2022.05.15	2	0	0	0	1573	93
631	2022.05.21	7	0	1	3	1321	86
632	2022.08.29	4	0	1	2	1636	87
633	2022.08.01	12	0	0	9	1460	92
634	2022.07.25	2	0	0	2	1731	90
635	2022.08.01	7	0	0	2	1289	85
636	2022.08.16	13	0	1	2	1164	91
637	2022.05.21	3	0	1	5	1173	96
638	2022.08.17	2	1	1	2	1589	92
639	2022.06.14	7	0	0	3	871	88
640	2022.07.08	7	0	0	4	1713	86
641	2022.07.21	14	0	1	4	1278	80
642	2022.05.25	2	0	0	4	1499	89
643	2022.05.21	6	0	1	8	1454	90
644	2022.06.19	7	0	0	3	1391	88
645	2022.08.06	10	0	1	8	1797	85
646	2022.06.22	2	0	0	4	1600	89
647	2022.07.19	3	0	0	3	1135	96
648	2022.08.18	7	0	0	4	1385	89
649	2022.06.15	13	0	0	8	1246	85
650	2022.07.27	6	0	0	12	1587	89
651	2022.07.31	12	0	0	9	1784	90
652	2022.08.26	11	0	0	3	1485	88
653	2022.06.14	13	0	1	10	1261	95
654	2022.07.28	7	0	0	2	1146	87
655	2022.07.25	7	0	0	2	1425	80
656	2022.05.19	2	0	0	1	1775	93
657	2022.05.27	12	0	1	5	1654	91
658	2022.06.10	13	0	0	3	1179	93
659	2022.08.11	2	0	0	1	1696	91
660	2022.07.01	11	1	0	3	1339	88
661	2022.07.14	3	0	1	1	1184	94
662	2022.07.08	5	1	0	3	1571	84
663	2022.07.05	2	0	0	1	1265	89
664	2022.07.19	5	0	0	3	1279	87
665	2022.05.11	9	0	0	0	977	95
666	2022.08.09	6	0	0	11	1783	94
667	2022.05.02	1	0	0	5	1171	92
668	2022.06.17	2	0	0	0	1791	93
669	2022.08.14	9	0	0	5	1481	93
670	2022.05.20	3	1	0	6	898	94
671	2022.08.30	12	0	0	3	1145	80
672	2022.05.18	10	0	0	2	2000	89
673	2022.05.21	2	0	0	0	1568	89
674	2022.07.11	12	0	0	10	1847	92
675	2022.06.21	10	0	0	1	1348	89
676	2022.06.24	12	1	0	6	1113	87
677	2022.06.13	8	0	1	10	1302	90
678	2022.05.18	12	0	0	6	1547	90
679	2022.06.06	14	0	0	4	1110	87
680	2022.07.08	12	0	0	9	1748	90
681	2022.08.31	3	0	1	2	1072	91
682	2022.06.16	3	0	0	2	752	96
683	2022.05.27	13	0	0	3	1869	92
684	2022.07.20	12	0	1	4	1711	83
685	2022.08.13	7	0	0	3	1400	81
686	2022.08.21	2	0	0	3	1702	89
687	2022.06.21	1	0	0	10	1399	96
688	2022.07.08	13	0	1	6	1256	93
689	2022.07.26	10	1	0	8	1423	85
690	2022.07.10	6	0	0	11	1583	94
691	2022.07.11	9	0	0	4	1345	98
692	2022.08.14	6	0	1	10	1149	92
693	2022.08.29	6	0	0	7	1509	92
694	2022.05.24	2	0	1	4	1143	93
695	2022.08.04	11	1	0	5	1010	88
696	2022.05.07	5	0	0	3	1206	90
697	2022.07.01	5	0	0	2	1333	91
698	2022.05.11	1	0	0	4	1296	92
699	2022.07.11	5	0	1	2	1338	85
700	2022.06.13	9	0	0	4	1679	98
701	2022.07.26	3	0	0	1	1079	94
702	2022.08.27	6	0	0	11	1654	94
703	2022.06.10	9	0	0	0	1331	95
704	2022.08.19	6	0	0	6	1733	89
705	2022.07.16	5	0	0	3	1050	90
706	2022.07.12	8	0	0	4	2012	87
707	2022.04.27	1	0	0	9	1275	92
708	2022.06.18	6	0	1	12	1795	91
709	2022.07.27	11	0	0	3	1294	86
710	2022.06.19	10	0	0	9	1670	79
711	2022.05.18	2	1	0	0	1112	89
712	2022.07.11	10	0	1	4	1820	88
713	2022.07.30	11	0	0	3	1514	87
714	2022.06.30	13	0	1	9	1140	93
715	2022.07.11	11	0	0	4	1400	82
716	2022.08.18	3	0	0	2	1138	93
717	2022.07.24	7	0	0	2	1389	89
718	2022.08.17	1	0	1	7	1157	96
719	2022.06.18	5	0	0	3	1647	91
720	2022.06.30	11	0	0	5	1378	89
721	2022.05.29	8	0	0	11	1471	86
722	2022.07.15	8	0	0	8	1448	79
723	2022.07.05	9	0	0	0	1388	97
724	2022.07.05	7	0	0	2	1071	87
725	2022.07.26	12	0	0	4	1220	87
726	2022.07.01	12	0	0	9	1620	90
727	2022.07.10	3	1	0	5	1005	91
728	2022.08.02	9	0	1	4	1411	98
729	2022.07.05	6	1	0	10	1723	85
730	2022.07.09	8	0	0	10	1461	81
731	2022.07.21	7	0	1	2	1289	83
732	2022.08.11	7	0	1	4	1103	79
733	2022.06.03	9	0	0	6	1312	86
734	2022.08.17	13	0	0	3	1719	93
735	2022.08.15	12	0	1	8	1599	92
736	2022.07.30	7	0	0	4	1246	90
737	2022.06.08	1	0	1	4	1160	90
738	2022.06.04	13	0	0	4	1200	90
739	2022.08.05	11	0	0	4	1527	86
740	2022.06.16	5	0	0	2	1629	90
741	2022.06.04	12	0	0	6	1767	87
742	2022.05.18	6	0	0	5	1635	90
743	2022.06.20	3	0	0	2	969	94
744	2022.06.11	14	0	0	6	801	91
745	2022.07.22	14	1	0	4	1159	92
746	2022.07.13	9	0	0	5	1414	89
747	2022.08.14	4	0	0	4	1753	86
748	2022.08.16	1	1	0	11	1182	89
749	2022.08.06	8	1	0	11	1714	85
750	2022.07.16	6	0	0	8	1643	89
751	2022.05.14	1	0	0	9	1430	94
752	2022.05.31	3	0	0	3	1151	89
753	2022.05.05	5	0	1	2	1443	89
754	2022.06.09	6	1	0	10	1750	89
755	2022.07.26	1	0	0	7	956	97
756	2022.06.02	6	0	0	12	2075	90
757	2022.07.12	13	0	1	4	1212	91
758	2022.07.13	12	0	1	5	1457	91
759	2022.08.05	3	1	0	4	1182	91
760	2022.07.10	11	0	1	4	1522	87
761	2022.07.23	14	1	0	4	1107	85
762	2022.06.07	5	0	0	2	1534	88
763	2022.05.30	8	1	0	7	1644	90
764	2022.07.18	3	0	0	4	918	94
765	2022.08.12	2	0	0	2	1498	93
766	2022.06.06	3	0	0	6	1064	90
767	2022.06.01	3	0	1	6	1179	96
768	2022.08.05	4	0	0	8	1737	81
769	2022.06.01	7	1	1	4	860	83
770	2022.08.14	1	0	1	10	1242	94
771	2022.07.13	13	1	0	5	1415	89
772	2022.08.15	7	0	0	3	1302	87
773	2022.06.29	5	0	0	3	1893	90
774	2022.05.16	10	0	0	4	1395	85
775	2022.08.05	12	1	0	6	1524	92
776	2022.08.07	6	0	0	9	1485	94
777	2022.08.31	5	0	0	2	1679	87
778	2022.08.28	9	0	1	4	1359	97
779	2022.07.12	10	1	0	7	2132	85
780	2022.08.18	11	0	0	5	1377	87
781	2022.08.15	4	0	0	8	1442	79
782	2022.06.21	8	0	0	8	1512	87
783	2022.08.12	6	0	0	9	1917	93
784	2022.08.15	3	0	1	5	1154	91
785	2022.07.11	14	0	1	7	1024	88
786	2022.08.19	12	0	0	6	1150	91
787	2022.07.23	12	0	0	3	1746	82
788	2022.05.17	1	1	0	4	1113	94
789	2022.08.28	1	1	0	9	1325	97
790	2022.06.17	6	0	0	11	1779	91
791	2022.08.24	7	0	1	2	1109	85
792	2022.08.05	8	0	1	6	1723	89
793	2022.07.02	10	0	0	3	1901	89
794	2022.08.22	1	0	0	6	1040	95
795	2022.07.17	9	0	0	6	1487	94
796	2022.06.01	12	0	1	6	1593	86
797	2022.06.26	5	0	0	2	1690	82
798	2022.07.19	2	0	0	2	1628	93
799	2022.08.06	1	0	0	10	1371	92
800	2022.07.18	14	0	0	4	1065	90
801	2022.08.18	12	0	0	5	1578	84
802	2022.06.14	8	0	0	10	1520	86
803	2022.07.10	10	0	0	1	2060	85
804	2022.08.08	10	0	0	4	1292	86
805	2022.08.30	10	0	0	1	2102	89
806	2022.08.28	7	0	0	4	1421	90
807	2022.07.13	11	0	0	4	1028	90
808	2022.07.30	5	0	1	3	1420	89
809	2022.06.24	7	0	0	2	953	89
810	2022.07.21	1	0	0	4	1310	91
811	2022.08.10	5	1	0	1	1590	90
812	2022.07.31	1	0	1	11	1005	97
813	2022.08.29	11	0	0	5	1092	78
814	2022.05.13	5	0	0	3	1658	88
815	2022.06.10	7	0	0	3	1450	85
816	2022.07.10	1	0	0	6	1158	90
817	2022.06.11	10	1	0	5	1592	87
818	2022.05.23	10	1	0	6	1847	86
819	2022.07.17	1	0	0	10	1336	96
820	2022.06.24	13	0	1	6	1663	95
821	2022.06.12	7	1	0	3	1145	87
822	2022.06.19	9	0	0	5	1296	94
823	2022.06.06	12	1	0	9	1480	88
824	2022.05.01	1	0	0	5	967	97
825	2022.05.28	13	0	1	7	1285	93
826	2022.06.23	14	0	1	7	1162	90
827	2022.08.02	10	0	0	9	2287	89
828	2022.08.11	10	0	0	1	2054	83
829	2022.06.03	1	1	0	3	1210	94
830	2022.07.26	7	0	0	2	1104	85
831	2022.08.03	11	0	1	4	1072	88
832	2022.06.20	2	0	0	3	1413	89
833	2022.05.17	3	0	0	5	1275	92
834	2022.07.12	14	0	0	4	1066	89
835	2022.07.15	2	0	0	1	1470	88
836	2022.07.02	8	0	0	4	1504	85
837	2022.08.01	13	0	0	3	1720	90
838	2022.05.20	2	0	0	2	1418	88
839	2022.07.06	2	0	0	0	1617	91
840	2022.07.29	2	0	0	0	1599	88
841	2022.06.17	12	0	0	4	1594	88
842	2022.06.07	13	0	1	8	1446	89
843	2022.06.24	5	0	0	3	1717	87
844	2022.05.25	5	0	0	2	1077	86
845	2022.06.26	13	0	0	6	1532	94
846	2022.08.10	8	0	1	11	1214	87
847	2022.07.30	12	0	1	4	1144	86
848	2022.06.28	13	0	0	8	1254	95
849	2022.05.31	8	1	0	9	1890	85
850	2022.08.12	13	0	0	11	1762	95
851	2022.06.22	6	0	0	8	1521	93
852	2022.05.17	6	0	1	7	1588	90
853	2022.05.19	5	0	0	2	1113	86
854	2022.07.31	13	0	0	10	1130	90
855	2022.07.03	8	1	0	7	1772	89
856	2022.08.18	4	1	0	3	1731	81
857	2022.05.07	1	0	0	3	1349	95
858	2022.07.03	7	0	0	4	908	87
859	2022.05.25	8	0	1	6	1994	79
860	2022.05.15	6	0	1	11	1699	90
861	2022.06.28	5	0	0	3	1596	89
862	2022.06.09	1	0	0	7	1310	93
863	2022.08.20	14	1	1	5	1198	88
864	2022.04.22	1	0	1	5	1214	97
865	2022.06.07	3	0	0	1	1380	94
866	2022.05.24	5	0	0	1	1710	89
867	2022.08.16	9	0	0	5	945	97
868	2022.06.20	1	0	0	10	1343	92
869	2022.08.30	11	0	0	4	1489	90
870	2022.07.29	8	0	0	6	1183	87
871	2022.08.13	11	1	0	5	1573	91
872	2022.07.27	7	0	1	2	1340	79
873	2022.08.03	2	0	0	2	1144	88
874	2022.06.22	5	0	0	2	1647	86
875	2022.06.21	12	1	0	3	1397	84
876	2022.08.25	5	0	0	1	983	91
877	2022.07.15	1	0	0	4	1239	97
878	2022.06.03	7	0	0	2	1722	86
879	2022.08.05	2	0	1	4	1638	83
880	2022.08.09	5	0	0	3	1270	91
881	2022.08.14	3	0	0	3	1115	91
882	2022.06.30	14	0	1	5	779	87
883	2022.08.06	3	0	0	4	845	84
884	2022.08.19	2	0	0	2	1595	92
885	2022.07.04	8	0	1	8	1705	90
886	2022.05.30	2	0	0	3	1527	91
887	2022.08.27	1	1	0	9	1391	95
888	2022.06.15	2	0	0	1	1549	92
889	2022.05.19	9	0	0	0	991	97
890	2022.08.02	12	1	0	6	1086	91
891	2022.05.15	1	0	0	8	1410	93
892	2022.07.29	14	0	1	5	1124	90
893	2022.06.05	8	0	1	8	1448	87
894	2022.08.31	11	0	0	3	1256	90
895	2022.08.23	11	1	0	5	1080	89
896	2022.05.13	10	0	0	6	1542	87
897	2022.06.23	8	0	0	4	1543	86
898	2022.08.30	9	0	0	4	1370	89
899	2022.08.28	8	0	1	11	1398	87
900	2022.07.27	5	0	0	2	1671	87
901	2022.05.21	5	0	0	3	1333	91
902	2022.07.29	1	1	0	6	1385	93
903	2022.08.15	5	0	0	1	1049	87
904	2022.08.29	5	0	1	2	1345	91
905	2022.08.01	6	0	0	11	1518	93
906	2022.07.22	1	0	1	4	1502	92
907	2022.05.27	1	0	0	9	1414	95
908	2022.07.27	2	0	0	0	1579	93
909	2022.08.16	14	0	0	5	1142	87
910	2022.07.09	5	0	1	3	1469	85
911	2022.08.20	5	0	0	2	1112	91
912	2022.05.14	2	0	0	3	1340	91
913	2022.06.16	7	0	1	2	1251	85
914	2022.06.24	9	1	1	3	1408	96
915	2022.07.01	7	0	0	3	1651	82
916	2022.06.03	13	0	0	5	1770	88
917	2022.06.25	5	0	1	2	1502	87
918	2022.07.07	8	0	0	8	1196	87
919	2022.07.21	5	0	0	2	1122	86
920	2022.06.17	8	0	0	9	1160	87
921	2022.05.03	5	0	0	3	1402	90
922	2022.07.15	13	0	0	4	1360	93
923	2022.07.30	6	0	0	6	1629	89
924	2022.08.17	10	0	1	5	1693	85
925	2022.08.20	7	0	0	3	1337	88
926	2022.08.29	13	0	0	4	1732	95
927	2022.07.17	6	0	0	6	1721	93
928	2022.06.26	7	0	0	3	1232	86
929	2022.07.26	5	0	0	1	1434	89
930	2022.08.13	9	0	0	6	1361	96
931	2022.06.29	9	0	1	3	1358	98
932	2022.06.16	10	1	0	3	2035	90
933	2022.08.21	14	0	0	4	1340	86
934	2022.06.07	6	0	0	10	1555	94
935	2022.06.02	9	0	0	1	1363	86
936	2022.08.10	7	0	0	2	1326	86
937	2022.07.23	1	0	1	7	1137	93
938	2022.07.16	13	0	1	4	1511	92
939	2022.08.01	3	0	0	6	1111	92
940	2022.08.02	3	0	1	0	1060	93
941	2022.08.26	10	0	0	10	1260	86
942	2022.08.13	1	0	1	9	1399	89
943	2022.08.31	4	0	0	7	1502	89
944	2022.07.01	2	1	0	1	1457	92
945	2022.08.24	10	0	1	5	1948	90
946	2022.08.28	13	0	0	4	1617	91
947	2022.07.01	9	0	0	6	1163	95
948	2022.05.19	12	0	0	7	1177	89
949	2022.08.30	14	0	1	7	1315	79
950	2022.07.27	14	1	0	4	868	91
951	2022.06.12	6	0	0	12	1537	86
952	2022.08.30	13	0	1	2	1486	92
953	2022.07.31	9	0	1	2	1462	96
954	2022.06.08	9	0	0	5	1675	93
955	2022.08.10	9	0	0	0	1294	94
956	2022.07.05	8	0	0	10	1536	89
957	2022.05.22	9	0	1	5	1191	95
958	2022.06.13	13	0	0	10	1755	95
959	2022.05.30	13	0	0	6	1117	89
960	2022.08.19	1	0	0	4	1192	96
961	2022.08.06	12	0	0	5	1122	88
962	2022.06.17	14	0	0	7	1150	81
963	2022.07.14	6	1	0	9	1632	94
964	2022.07.23	2	1	0	2	1780	91
965	2022.06.15	5	0	0	1	1752	91
966	2022.07.18	13	0	1	6	1807	93
967	2022.06.09	7	0	0	4	1366	88
968	2022.08.13	2	0	1	4	1570	93
969	2022.07.11	3	0	1	3	1190	94
970	2022.06.13	5	0	1	2	940	87
971	2022.07.18	6	0	0	11	2246	89
972	2022.06.27	11	0	0	3	1520	87
973	2022.08.19	7	0	0	3	1355	90
974	2022.06.15	1	0	0	10	1263	97
975	2022.06.22	8	1	0	6	1687	89
976	2022.07.02	13	0	0	5	1949	95
977	2022.07.04	13	0	0	6	1380	94
978	2022.07.03	10	0	0	5	1288	90
979	2022.06.27	10	1	0	4	2104	85
980	2022.08.08	13	0	1	11	1303	90
981	2022.07.20	13	0	0	2	1562	94
982	2022.06.16	9	0	0	4	1374	98
983	2022.08.12	10	0	0	7	1425	90
984	2022.07.15	6	0	1	7	2224	89
985	2022.08.16	5	1	0	2	911	89
986	2022.07.29	3	0	0	5	809	91
987	2022.08.22	9	0	0	1	1311	98
988	2022.07.16	11	1	0	3	1423	90
989	2022.08.25	2	0	0	1	1602	91
990	2022.07.04	11	0	0	3	1410	88
991	2022.07.17	3	0	1	5	1120	92
992	2022.07.20	1	0	0	9	1385	97
993	2022.07.12	11	0	0	5	1360	86
994	2022.06.27	9	0	1	5	1313	88
995	2022.04.30	1	1	0	7	1558	93
996	2022.07.26	8	0	0	4	1593	89
997	2022.08.15	10	0	0	5	1851	90
998	2022.05.16	6	0	0	5	1540	91
999	2022.06.29	11	1	0	3	1250	90
1000	2022.05.18	3	0	0	6	1138	94
1001	2022.08.11	1	1	0	7	1266	95
1002	2022.06.26	12	0	0	6	1763	88
1003	2022.06.15	8	0	0	11	1679	86
1004	2022.07.20	11	0	0	4	1379	81
1005	2022.06.03	6	0	0	11	1774	91
1006	2022.07.29	7	0	0	4	1359	87
1007	2022.08.12	8	0	0	7	1534	86
1008	2022.08.13	10	0	0	10	1628	85
1009	2022.08.04	3	0	0	3	786	95
1010	2022.05.27	5	0	1	3	1583	87
1011	2022.08.28	6	0	1	9	1514	92
1012	2022.07.31	10	0	0	9	1552	87
1013	2022.08.04	2	0	0	4	1461	93
1014	2022.06.18	14	0	0	4	1011	88
1015	2022.05.27	7	0	0	4	1178	86
1016	2022.05.04	1	0	0	8	1557	89
1017	2022.08.25	10	0	0	1	1765	89
1018	2022.06.05	10	1	0	2	1574	87
1019	2022.08.26	9	0	0	4	1023	88
1020	2022.08.12	4	0	0	6	1639	87
1021	2022.05.08	1	1	0	6	1189	94
1022	2022.06.21	2	0	1	4	1378	90
1023	2022.06.23	7	0	0	3	1282	81
1024	2022.06.23	1	0	0	10	1249	92
1025	2022.08.31	1	0	0	7	1168	93
1026	2022.07.31	2	0	0	1	1604	88
1027	2022.08.23	7	0	0	4	1189	87
1028	2022.06.02	12	0	0	8	1185	90
1029	2022.08.07	12	0	1	11	1432	89
1030	2022.08.20	13	0	1	6	1488	95
1031	2022.05.28	2	0	0	0	1398	93
1032	2022.06.06	9	0	0	2	1455	93
1033	2022.08.16	6	0	1	11	1394	92
1034	2022.05.19	6	0	0	10	1350	90
1035	2022.05.30	6	0	0	9	1543	89
1036	2022.06.29	6	0	0	12	1647	89
1037	2022.07.06	10	1	0	9	2112	83
1038	2022.07.28	9	0	0	1	1494	97
1039	2022.07.01	13	0	1	8	1358	88
1040	2022.05.28	3	0	0	2	1027	88
1041	2022.08.09	8	0	1	6	1528	85
1042	2022.08.24	5	0	0	1	1080	90
1043	2022.07.05	12	1	0	4	1319	92
1044	2022.08.07	1	0	1	6	1408	93
1045	2022.07.28	12	0	0	6	1779	92
1046	2022.08.16	12	0	0	7	1703	89
1047	2022.05.10	1	0	1	6	1216	92
1048	2022.07.03	13	0	0	5	1681	90
1049	2022.06.04	2	0	0	2	1784	93
1050	2022.07.16	8	0	0	7	1431	88
1051	2022.08.13	12	0	0	3	1915	87
1052	2022.08.02	2	0	1	3	1559	91
1053	2022.08.06	2	0	0	2	1549	92
1054	2022.08.21	7	0	1	2	1159	79
1055	2022.05.13	9	0	1	2	1349	96
1056	2022.08.08	9	0	1	3	966	95
1057	2022.07.16	2	0	0	2	1653	89
1058	2022.08.31	14	1	0	6	792	79
1059	2022.06.21	3	0	0	3	1049	92
1060	2022.07.10	8	0	0	9	1680	80
1061	2022.06.05	9	0	1	4	1614	96
1062	2022.06.29	10	0	0	3	2184	85
1063	2022.06.28	9	0	1	4	1362	97
1064	2022.06.22	12	0	1	10	1899	87
1065	2022.06.15	9	0	1	6	1441	98
1066	2022.07.11	7	0	0	2	1639	86
1067	2022.05.11	10	0	0	2	1200	89
1068	2022.06.23	5	0	1	1	1697	90
1069	2022.07.19	10	0	0	8	1471	82
1070	2022.06.23	3	0	0	6	1085	95
1071	2022.05.26	1	0	0	7	1358	94
1072	2022.06.07	8	0	0	11	1734	90
1073	2022.07.04	3	0	0	5	825	94
1074	2022.06.26	14	0	1	6	873	91
1075	2022.06.28	12	0	0	4	1633	81
1076	2022.08.08	3	0	0	4	1071	93
1077	2022.08.26	8	0	0	4	1190	86
1078	2022.08.30	2	0	1	4	1780	85
1079	2022.05.13	6	0	0	10	1764	90
1080	2022.08.17	6	0	0	11	1601	91
1081	2022.08.30	6	0	0	5	1725	94
1082	2022.08.21	3	0	0	2	1153	92
1083	2022.08.30	5	0	0	2	1322	90
1084	2022.06.28	2	0	0	3	1330	92
1085	2022.08.24	14	0	0	6	895	79
1086	2022.08.20	8	0	0	7	1787	89
1087	2022.08.31	2	0	0	3	1133	92
1088	2022.08.09	10	0	1	8	1640	86
1089	2022.07.03	3	0	1	3	789	92
1090	2022.08.17	7	0	0	2	1752	85
1091	2022.08.26	14	0	0	5	1014	87
1092	2022.06.19	14	1	0	7	1093	91
1093	2022.07.08	8	0	0	4	1333	86
1094	2022.07.19	1	0	0	3	1075	88
1095	2022.06.21	6	0	0	11	1094	92
1096	2022.05.17	2	0	0	4	1420	90
1097	2022.06.26	1	1	0	4	1401	89
1098	2022.06.05	13	0	0	10	1757	95
1099	2022.07.17	2	0	0	4	1420	93
1100	2022.07.10	7	0	1	2	1192	89
1101	2022.07.15	11	0	0	4	1473	86
1102	2022.08.03	9	0	1	3	962	95
1103	2022.07.16	9	0	1	3	1245	85
1104	2022.05.25	1	0	0	8	1233	96
1105	2022.08.07	7	0	0	2	1092	90
1106	2022.05.27	3	0	0	5	1165	96
1107	2022.08.17	12	0	0	4	1347	89
1108	2022.06.24	6	0	0	9	1565	91
1109	2022.05.22	12	0	0	11	1723	87
1110	2022.07.26	9	0	0	5	1400	96
1111	2022.05.10	9	0	0	2	1445	89
1112	2022.06.09	10	0	0	10	1574	85
1113	2022.07.01	6	0	0	8	1495	90
1114	2022.07.14	1	0	1	3	1374	94
1115	2022.08.28	10	0	0	9	2099	87
1116	2022.05.28	6	0	0	6	1568	92
1117	2022.06.11	3	0	0	2	1329	95
1118	2022.05.01	5	0	0	3	1427	88
1119	2022.08.06	7	0	0	3	981	90
1120	2022.08.09	3	0	0	1	1131	96
1121	2022.08.10	12	0	0	7	1272	92
1122	2022.08.25	14	1	0	7	805	89
1123	2022.08.15	8	0	0	4	1197	90
1124	2022.07.04	7	1	0	3	1285	90
1125	2022.06.12	10	0	0	4	1202	79
1126	2022.07.11	6	0	0	11	1673	86
1127	2022.05.21	12	0	0	4	1329	90
1128	2022.08.02	6	0	0	11	1505	94
1129	2022.06.04	10	0	0	8	1659	86
1130	2022.06.15	3	0	0	2	1199	95
1131	2022.08.25	4	0	1	8	1809	88
1132	2022.08.13	8	0	0	10	1498	89
1133	2022.08.24	13	1	1	9	1655	80
1134	2022.05.14	6	0	0	5	1125	83
1135	2022.08.01	14	1	0	6	1316	88
1136	2022.05.27	9	0	1	6	1154	96
1137	2022.08.17	14	0	1	4	1254	87
1138	2022.06.28	11	0	0	3	1351	85
1139	2022.08.25	9	0	0	6	1401	97
1140	2022.05.27	6	0	1	7	1275	89
1141	2022.06.08	7	0	0	3	1225	85
1142	2022.07.13	7	1	1	2	1270	85
1143	2022.05.31	1	0	1	10	1181	80
1144	2022.08.10	10	1	0	2	1821	86
1145	2022.07.02	6	0	0	11	1217	90
1146	2022.05.03	1	0	0	11	1224	94
1147	2022.07.18	12	0	0	8	1082	90
1148	2022.06.23	6	0	0	11	1478	94
1149	2022.05.10	2	0	0	3	1560	90
1150	2022.06.29	2	0	0	2	1246	88
1151	2022.07.19	7	0	0	2	1694	82
1152	2022.07.12	1	0	1	4	1335	92
1153	2022.07.23	13	0	0	4	1775	94
1154	2022.08.05	5	0	1	1	967	87
1155	2022.06.27	7	1	0	4	1336	80
1156	2022.05.20	1	1	0	11	1120	93
1157	2022.08.07	8	0	0	4	1247	85
1158	2022.06.18	9	0	0	5	1313	93
1159	2022.07.07	1	0	0	10	1370	96
1160	2022.06.03	10	0	0	7	1452	86
1161	2022.05.30	3	0	0	0	1180	93
1162	2022.08.24	1	0	0	8	1239	80
1163	2022.08.26	4	0	0	3	1540	88
1164	2022.06.12	9	0	1	6	1163	96
1165	2022.06.19	2	0	0	0	1917	90
1166	2022.06.27	1	0	0	10	1091	94
1167	2022.08.10	1	0	0	6	1177	95
1168	2022.07.24	5	0	0	2	1435	89
1169	2022.08.21	4	0	0	7	1797	84
1170	2022.07.07	2	1	1	3	1484	90
1171	2022.07.27	10	0	0	2	2247	85
1172	2022.06.26	10	1	0	8	1931	81
1173	2022.07.22	2	0	0	4	1504	91
1174	2022.07.20	10	0	0	8	1389	87
1175	2022.07.25	8	0	0	11	1387	88
1176	2022.05.14	10	0	0	10	1522	86
1177	2022.07.03	12	0	0	7	1664	84
1178	2022.08.27	2	0	0	3	1562	88
1179	2022.04.21	1	0	0	7	1183	85
1180	2022.08.21	5	0	0	1	1583	84
1181	2022.08.12	14	0	1	6	1188	83
1182	2022.07.16	1	0	0	11	1346	85
1183	2022.08.21	9	0	0	2	1268	88
1184	2022.08.09	12	0	1	4	1795	88
1185	2022.07.02	14	0	0	4	892	87
1186	2022.07.10	2	0	0	0	1271	88
1187	2022.06.03	5	0	0	1	1672	91
1188	2022.07.31	14	0	0	5	1188	92
1189	2022.06.17	3	0	0	5	1186	93
1190	2022.06.07	14	1	0	5	1092	80
1191	2022.08.22	7	0	0	3	1283	90
1192	2022.08.28	5	0	0	2	1276	88
1193	2022.08.14	10	0	0	3	1544	90
1194	2022.08.01	11	1	0	5	1365	88
1195	2022.05.18	5	1	0	3	1516	90
1196	2022.07.25	9	0	0	1	1328	98
1197	2022.06.09	3	0	0	6	1019	91
1198	2022.05.28	1	1	0	7	1422	92
1199	2022.08.10	13	0	0	7	1642	87
1200	2022.08.19	14	0	0	6	1149	91
1201	2022.05.16	5	0	0	3	1723	89
1202	2022.05.11	2	0	0	2	1502	90
1203	2022.05.14	9	0	0	0	956	97
1204	2022.05.31	9	0	0	5	1126	89
1205	2022.06.12	13	0	0	6	1492	87
1206	2022.08.02	8	0	1	8	1733	78
1207	2022.08.04	10	0	1	6	1551	86
1208	2022.08.15	9	0	0	1	1481	96
1209	2022.07.12	2	0	1	1	1479	90
1210	2022.05.31	10	1	0	2	1634	86
1211	2022.08.12	3	1	0	0	832	81
1212	2022.08.27	12	0	0	10	1106	91
1213	2022.06.28	1	0	0	3	1318	90
1214	2022.07.28	11	0	0	5	1265	80
1215	2022.06.10	14	0	0	5	1044	89
1216	2022.04.29	1	0	0	11	971	93
1217	2022.06.14	9	0	0	5	1268	97
1218	2022.07.05	5	0	0	1	1543	89
1219	2022.07.13	8	0	0	10	1682	89
1220	2022.06.11	2	0	0	4	1523	85
1221	2022.06.30	7	0	1	2	991	88
1222	2022.07.05	13	0	1	3	1465	88
1223	2022.07.31	7	0	0	3	1190	85
1224	2022.07.15	7	0	0	2	963	86
1225	2022.08.26	7	1	1	3	1320	86
1226	2022.06.02	3	0	0	2	1073	93
1227	2022.06.02	5	0	1	2	1869	88
1228	2022.08.21	6	0	0	11	1170	82
1229	2022.05.04	5	0	0	3	1226	90
1230	2022.08.21	13	0	0	10	1733	81
1231	2022.08.26	6	1	1	9	1332	94
1232	2022.08.10	3	0	0	1	1112	92
1233	2022.08.23	8	0	0	8	1726	90
1234	2022.05.25	9	0	0	4	937	93
1235	2022.05.28	8	0	0	6	1746	90
1236	2022.06.12	2	1	0	0	1687	90
1237	2022.05.25	3	0	1	3	1464	94
1238	2022.05.26	9	1	1	6	1472	97
1239	2022.05.17	7	0	0	4	1793	86
1240	2022.08.27	10	0	0	5	1173	85
1241	2022.06.13	14	0	0	7	1349	88
1242	2022.06.06	6	0	0	10	1677	90
1243	2022.07.22	10	0	0	6	1742	86
1244	2022.08.07	13	0	0	8	1559	94
1245	2022.08.27	4	0	0	6	1212	89
1246	2022.06.04	14	0	1	5	1234	87
1247	2022.06.29	3	0	1	0	1007	93
1248	2022.08.26	3	0	0	1	1135	96
1249	2022.06.11	9	0	0	4	1173	97
1250	2022.05.15	9	0	0	1	1242	96
1251	2022.08.11	3	0	0	1	862	95
1252	2022.05.24	9	1	1	5	1234	96
1253	2022.08.17	11	0	1	3	1490	89
1254	2022.08.15	2	0	0	4	1698	91
1255	2022.06.16	2	0	0	1	1609	90
1256	2022.08.31	7	0	1	3	1365	88
1257	2022.07.20	7	0	1	3	895	86
1258	2022.05.28	7	0	0	4	1361	89
1259	2022.05.12	9	0	0	0	1144	95
1260	2022.05.10	5	0	0	1	1337	88
1261	2022.07.28	2	0	0	3	1608	91
1262	2022.06.18	2	0	1	3	1482	84
1263	2022.08.03	12	0	0	11	1784	86
1264	2022.06.13	10	0	0	7	1886	87
1265	2022.06.29	13	0	1	6	1387	90
1266	2022.05.24	8	0	0	8	1777	81
1267	2022.08.11	9	0	1	3	943	94
1268	2022.07.22	12	0	1	3	1783	88
1269	2022.08.04	12	0	0	5	1154	88
1270	2022.05.07	6	1	0	10	1525	93
1271	2022.08.27	9	0	1	5	999	97
1272	2022.07.29	13	0	0	3	1417	94
1273	2022.05.09	10	0	1	1	2337	87
1274	2022.06.11	1	0	0	3	1386	81
1275	2022.08.06	14	0	0	7	1176	91
1276	2022.06.28	14	0	0	5	871	90
1277	2022.08.22	6	0	1	5	1673	87
1278	2022.08.01	8	0	0	4	1178	85
1279	2022.07.21	9	0	0	2	1160	96
1280	2022.08.13	13	0	0	7	1375	95
1281	2022.08.05	10	1	0	2	1540	87
1282	2022.05.09	6	0	1	5	1624	92
1283	2022.06.02	1	0	1	9	1337	93
1284	2022.05.19	1	0	0	9	1264	84
1285	2022.07.13	3	0	0	2	1307	93
1286	2022.08.07	4	0	0	3	1754	80
1287	2022.05.08	10	0	0	7	1719	89
1288	2022.06.08	5	0	0	3	1524	91
1289	2022.06.16	13	0	0	7	1378	93
1290	2022.08.17	8	0	0	11	1533	85
1291	2022.07.08	10	0	0	7	1741	81
1292	2022.06.20	10	0	1	7	2133	87
1293	2022.08.19	13	1	1	11	1460	91
1294	2022.05.29	5	0	1	1	1980	85
1295	2022.06.10	1	0	0	4	1319	93
1296	2022.06.29	8	0	1	7	1710	86
1297	2022.07.13	5	1	1	1	966	89
1298	2022.06.01	9	0	0	5	1351	97
1299	2022.07.22	3	0	0	0	861	96
1300	2022.07.13	1	0	0	9	1199	97
1301	2022.05.09	1	0	0	9	1158	93
1302	2022.08.25	11	0	0	4	1405	83
1303	2022.08.15	14	0	1	4	1333	89
1304	2022.08.18	1	0	0	5	1343	92
1305	2022.07.21	6	0	0	8	1531	92
1306	2022.05.18	7	0	0	2	865	80
1307	2022.07.29	5	1	0	1	1498	89
1308	2022.08.23	9	1	0	5	1349	90
1309	2022.06.07	1	0	0	10	1297	93
1310	2022.05.30	1	0	0	6	1197	94
1311	2022.06.10	8	0	0	4	1697	88
1312	2022.07.18	9	0	0	5	1359	98
1313	2022.08.09	1	0	0	6	1649	95
1314	2022.08.21	10	1	0	6	1475	84
1315	2022.08.23	12	0	0	4	1256	90
1316	2022.06.24	14	0	0	6	1114	84
1317	2022.08.23	13	1	0	11	1204	88
1318	2022.05.17	5	0	0	1	1234	89
1319	2022.05.05	1	0	1	7	1025	94
1320	2022.06.10	3	0	0	3	1148	93
1321	2022.07.22	11	0	0	5	1108	88
1322	2022.08.23	2	0	1	4	1578	85
1323	2022.07.26	6	0	0	7	1336	90
1324	2022.07.23	11	0	0	5	1530	86
1325	2022.05.22	7	0	0	4	1349	80
1326	2022.07.08	14	0	0	4	885	88
1327	2022.07.21	2	0	0	3	1630	83
1328	2022.07.01	3	1	0	3	952	91
1329	2022.05.18	9	0	1	2	1397	94
1330	2022.08.29	8	0	0	10	1747	87
1331	2022.07.21	11	0	0	5	1472	85
1332	2022.08.31	8	1	0	4	1803	89
1333	2022.07.29	9	0	0	2	1332	98
1334	2022.08.12	7	0	0	2	1018	85
1335	2022.07.06	3	0	0	6	950	89
1336	2022.07.27	13	0	0	10	1931	93
1337	2022.06.23	12	0	0	5	1175	89
1338	2022.07.17	8	0	0	10	1747	85
1339	2022.05.30	7	0	0	2	1203	88
1340	2022.07.04	2	0	0	2	1543	91
1341	2022.05.23	1	0	0	3	1177	92
1342	2022.07.08	1	0	0	3	971	95
1343	2022.05.13	2	1	1	0	1635	92
1344	2022.06.04	8	0	1	4	1161	87
1345	2022.07.30	14	0	1	5	1277	90
1346	2022.05.16	12	1	0	11	1259	91
1347	2022.07.06	11	1	1	5	1369	87
1348	2022.08.14	2	0	0	4	1366	91
1349	2022.07.30	3	0	0	0	947	92
1350	2022.07.01	1	0	0	8	1267	89
1351	2022.08.08	1	0	0	11	1302	85
1352	2022.06.25	3	0	1	3	1101	89
1353	2022.07.22	7	0	0	4	1433	90
1354	2022.08.06	6	0	0	11	1418	94
1355	2022.06.13	7	0	0	3	1327	89
1356	2022.05.20	7	1	0	3	1346	89
1357	2022.07.09	2	0	1	3	1611	88
1358	2022.07.25	10	1	1	4	1440	82
1359	2022.05.29	7	0	0	3	1430	86
1360	2022.06.27	6	0	0	12	1476	92
1361	2022.07.25	6	1	0	8	1595	90
1362	2022.06.08	6	0	0	7	1197	93
1363	2022.08.13	3	0	0	0	1122	95
1364	2022.08.18	9	0	0	6	1035	92
1365	2022.08.05	7	0	1	3	1338	88
1366	2022.05.27	2	1	1	2	1745	92
1367	2022.08.22	10	0	0	1	1860	88
1368	2022.07.14	10	0	0	4	1443	88
1369	2022.07.15	14	0	0	7	1201	88
1370	2022.07.18	7	0	0	4	968	88
1371	2022.05.29	6	1	0	8	1502	89
1372	2022.07.05	3	0	0	6	1073	89
1373	2022.08.24	11	1	0	5	1507	87
1374	2022.05.23	12	0	0	10	1430	92
1375	2022.06.14	5	1	0	3	1370	88
1376	2022.06.10	10	0	0	10	2036	86
1377	2022.07.01	10	0	0	6	1984	87
1378	2022.06.21	13	1	0	6	1647	93
1379	2022.05.23	8	0	0	8	1386	79
1380	2022.06.05	5	0	0	2	1295	91
1381	2022.06.26	6	0	0	12	1677	92
1382	2022.07.09	7	0	0	4	960	82
1383	2022.05.28	9	0	1	3	1462	84
1384	2022.07.18	5	1	1	3	1436	89
1385	2022.07.05	14	0	1	5	1135	92
1386	2022.08.20	2	0	0	3	1271	89
1387	2022.06.19	8	0	0	6	1852	81
1388	2022.05.27	8	0	0	7	1529	88
1389	2022.05.20	9	0	0	3	1193	94
1390	2022.08.27	7	1	1	4	990	79
1391	2022.06.11	12	0	0	9	1562	83
1392	2022.06.10	12	0	1	4	1807	89
1393	2022.06.06	1	0	0	11	1213	92
1394	2022.07.16	14	0	1	5	1150	80
1395	2022.08.15	1	0	0	11	1288	94
1396	2022.08.08	7	0	0	3	871	82
1397	2022.05.30	5	0	0	1	1077	85
1398	2022.05.30	9	0	0	6	1320	87
1399	2022.06.30	1	0	0	11	1240	93
1400	2022.07.17	5	0	0	3	986	91
1401	2022.08.16	11	1	0	3	1343	90
1402	2022.08.04	1	1	0	3	1067	95
1403	2022.08.22	14	0	0	4	906	82
1404	2022.07.18	10	0	0	9	2027	88
1405	2022.08.16	10	0	1	7	1407	90
1406	2022.05.09	5	0	0	3	1363	87
1407	2022.07.11	1	1	0	8	1285	94
1408	2022.07.04	6	0	0	5	1504	89
1409	2022.07.09	11	0	0	5	1454	87
1410	2022.08.01	2	0	0	3	1715	93
1411	2022.06.16	6	0	0	10	1781	93
1412	2022.05.22	10	1	0	8	1782	88
1413	2022.08.03	13	0	0	2	1750	93
1414	2022.05.26	3	1	0	6	879	91
1415	2022.06.24	3	0	0	1	770	84
1416	2022.07.23	8	1	0	4	1771	89
1417	2022.08.26	5	1	0	1	1417	90
1418	2022.08.28	11	1	0	3	1491	91
1419	2022.06.17	10	0	1	7	2138	86
1420	2022.08.09	13	0	0	7	1132	95
1421	2022.06.16	14	1	0	5	1033	89
1422	2022.04.30	5	0	0	2	1350	87
1423	2022.07.17	10	0	0	8	1654	90
1424	2022.05.26	6	0	0	9	1325	92
1425	2022.05.16	1	0	1	11	1325	96
1426	2022.08.24	6	0	0	9	1282	90
1427	2022.08.14	11	1	0	4	1465	91
1428	2022.08.31	12	0	0	9	1269	87
1429	2022.05.29	2	1	1	4	1658	92
